NC_031981.2	2606845	2610814	circular_RNA/2	0	+	2606845	2606845	0,0,0	7	290,134,170,76,174,126,111	0,484,867,1130,1311,2271,3858	2	circRNA	ivns1abp	rna48127	2,3,4,5,6,7,8	NC_031981.2:2602483-2606845|NC_031981.2:2610814-2611339
NC_031981.2	10272055	10281829	circular_RNA/4	0	-	10272055	10272055	0,0,0	3	161,132,136	0,6889,9638	4	circRNA	LOC100690550	rna48655	17,16,15	NC_031981.2:10238297-10272055|NC_031981.2:10281829-10299574
NC_031981.2	11770507	11771010	circular_RNA/2	0	-	11770507	11770507	0,0,0	1	503	0	2	circRNA	atp2b1	rna48741	2	NC_031981.2:11762504-11770507|NC_031981.2:11771010-11781972
NC_031981.2	12545455	12549945	circular_RNA/1	0	+	12545455	12545455	0,0,0	3	60,36,166	0,3645,4324	1	circRNA	LOC100705144	rna48797	5,6,7	NC_031981.2:12528711-12545455|NC_031981.2:12549945-12558115
NC_031981.2	12846841	12855976	circular_RNA/1	1	+	12846841	12846841	0,0,0	4	124,70,114,204	0,2171,4497,8931	1	circRNA	snd1	rna48809	19,20,21,22	NC_031981.2:12833334-12846841|NC_031981.2:12855976-12868145
NC_031981.2	27267346	27267889	circular_RNA/8	1	-	27267346	27267346	0,0,0	2	97,119	0,424	8	circRNA	gmds	rna49946	9,8	NC_031981.2:27229552-27267346|NC_031981.2:27267889-27332888
NC_031981.2	32616549	32617575	circular_RNA/2	0	-	32616549	32616549	0,0,0	2	397,302	0,724	2	circRNA	syde2	rna50349	3,2	NC_031981.2:32606203-32616549|NC_031981.2:32617575-32626667
NC_031981.2	33800910	33801496	circular_RNA/6	0	+	33800910	33800910	0,0,0	2	291,40	0,546	6	circRNA	ror1	rna50424	3,4	NC_031981.2:33794157-33800910|NC_031981.2:33801496-33825414
NC_031981.2	37978521	37981100	circular_RNA/4	1	+	37978521	37978521	0,0,0	8	173,177,102,186,127,131,345,206	0,399,654,836,1377,1582,1787,2373	4	circRNA	sbf1	rna50744	33,34,35,36,37,38,39,40	NC_031981.2:37978104-37978521|NC_031981.2:37981100-37981281
NC_031969.2	3374248	3374450	circular_RNA/4	0	-	3374248	3374248	0,0,0	1	202	0	4	circRNA	engase	rna5388	3	NC_031969.2:3372184-3374248|NC_031969.2:3374450-3374533
NC_031969.2	9156347	9157313	circular_RNA/2	1	-	9156347	9156347	0,0,0	3	93,54,174	0,341,792	2	circRNA	LOC100692969	rna5872	5,4,3	NC_031969.2:9146077-9156347|NC_031969.2:9157313-9159558
NC_031983.2	4961482	4975778	circular_RNA/1	0	-	4961482	4961482	0,0,0	3	203,97,123	0,1959,14173	1	circRNA	akap6	rna54523	14,13,12	NC_031983.2:4924960-4961482|NC_031983.2:4975778-4986492
NC_031983.2	9786805	9788646	circular_RNA/1	0	+	9786805	9786805	0,0,0	3	106,63,132	0,1556,1709	1	circRNA	rasgrp1	rna54944	3,4,5	NC_031983.2:9782099-9786805|NC_031983.2:9788646-9789359
NC_031983.2	17042674	17046949	circular_RNA/5	0	+	17042674	17042674	0,0,0	15	51,45,39,69,48,51,45,39,63,48,90,66,45,69,48	0,189,570,691,910,1208,1386,1767,1888,2060,2974,3365,3799,4006,4227	5	circRNA	LOC100709148	rna55647	32,33,34,35,36,37,38,39,40,41,42,43,44,45,46	NC_031983.2:17042424-17042674|NC_031983.2:17046949-17047090
NC_031983.2	17043882	17046949	circular_RNA/1	0	+	17043882	17043882	0,0,0	10	51,45,39,63,48,90,66,45,69,48	0,178,559,680,852,1766,2157,2591,2798,3019	1	circRNA	LOC100709148	rna55647	37,38,39,40,41,42,43,44,45,46	NC_031983.2:17043632-17043882|NC_031983.2:17046949-17047090
NC_031983.2	22346988	22348856	circular_RNA/3	0	-	22346988	22346988	0,0,0	1	1868	0	3	circRNA	slc8a3	rna56201	2	NC_031983.2:22273016-22346988|NC_031983.2:22348856-22355173
NC_031983.2	27294262	27294465	circular_RNA/2	1	+	27294262	27294262	0,0,0	1	203	0	2	ciRNA	rsrp1	rna56570	3	NC_031983.2:27294262-27294482
NC_031983.2	30813627	30814989	circular_RNA/2	0	-	30813627	30813627	0,0,0	5	136,98,90,226,142	0,519,692,880,1220	2	circRNA	tecpr2	rna56905	21,20,19,18,17	NC_031983.2:30808939-30813627|NC_031983.2:30814989-30816430
NC_031974.2	2251333	2254201	circular_RNA/2	0	+	2251333	2251333	0,0,0	6	131,108,107,49,132,118	0,485,699,2377,2515,2750	2	circRNA	cul1	rna24003	9,10,11,12,13,14	NC_031974.2:2251010-2251333|NC_031974.2:2254201-2254373
NC_031974.2	2839849	2852685	circular_RNA/2	1	+	2839849	2839849	0,0,0	4	119,75,27,191	0,3047,8664,12645	2	circRNA	LOC100711527	rna24064	20,21,22,23	NC_031974.2:2830651-2839849|NC_031974.2:2852685-2866480
NC_031974.2	3677057	3677501	circular_RNA/2	0	-	3677057	3677057	0,0,0	2	104,59	0,385	2	circRNA	eci2	rna24130	3,2	NC_031974.2:3676376-3677057|NC_031974.2:3677501-3679046
NC_031974.2	17036610	17037165	circular_RNA/2	0	+	17036610	17036610	0,0,0	2	386,80	0,475	2	circRNA	dlgap1	rna25032	8,9	NC_031974.2:17014546-17036610|NC_031974.2:17037165-17041290
NC_031974.2	29670436	29679769	circular_RNA/2	1	+	29670436	29670436	0,0,0	7	307,66,490,166,133,54,72	0,996,1748,3333,5013,7628,9261	2	circRNA	svil	rna26061	15,16,17,18,19,20,21	NC_031974.2:29669989-29670436|NC_031974.2:29679769-29680304
NC_031974.2	29672184	29679769	circular_RNA/1	1	+	29672184	29672184	0,0,0	5	490,166,133,54,72	0,1585,3265,5880,7513	1	circRNA	svil	rna26061	17,18,19,20,21	NC_031974.2:29671498-29672184|NC_031974.2:29679769-29680304
NC_031974.2	29771389	29774852	circular_RNA/2	1	-	29771389	29771389	0,0,0	2	91,85	0,3378	2	circRNA	znf438	rna26082	3,2	NC_031974.2:29759062-29771389|NC_031974.2:29774852-29774956
NC_031974.2	33279230	33289842	circular_RNA/1	1	+	33279230	33279230	0,0,0	4	114,87,189,1473	0,1142,3417,9139	1	circRNA	LOC100711676	rna26210	4,5,6,7	NC_031974.2:33263601-33279230|NC_031974.2:33289842-33320303
NC_031976.2	95035	95722	circular_RNA/2	0	+	95035	95035	0,0,0	2	198,307	0,380	2	circRNA	cep162	rna29050	23,24	NC_031976.2:93255-95035|NC_031976.2:95722-96970
NC_031976.2	349406	351650	circular_RNA/2	0	-	349406	349406	0,0,0	2	141,204	0,2040	2	circRNA	ascc3	rna29073	10,9	NC_031976.2:338424-349406|NC_031976.2:351650-381139
NC_031976.2	4608762	4618143	circular_RNA/6	0	-	4608762	4608762	0,0,0	2	135,213	0,9168	6	circRNA	snrk	rna29251	5,4	NC_031976.2:4603136-4608762|NC_031976.2:4618143-4643837
NC_031976.2	4617930	4618143	circular_RNA/6	0	-	4617930	4617930	0,0,0	1	213	0	6	circRNA	snrk	rna29251	4	NC_031976.2:4608897-4617930|NC_031976.2:4618143-4643837
NC_031976.2	20002178	20003557	circular_RNA/2	1	+	20002178	20002178	0,0,0	3	319,168,212	0,399,1167	2	circRNA	pdp1	rna30574	2,3,4	NC_031976.2:19999142-20002178|NC_031976.2:20003557-20004481
NC_031976.2	36016594	36018688	circular_RNA/4	0	+	36016594	36016594	0,0,0	2	215,380	0,1714	4	circRNA	lmna	rna32181	2,3	NC_031976.2:36005807-36016594|NC_031976.2:36018688-36038487
NC_031986.2	2525331	2526568	circular_RNA/2	0	-	2525331	2525331	0,0,0	2	244,159	0,1078	2	circRNA	LOC100700501	rna63562	14,13	NC_031986.2:2520897-2525331|NC_031986.2:2526568-2533559
NC_031986.2	3950836	3954216	circular_RNA/4	0	+	3950836	3950836	0,0,0	2	146,101	0,3279	4	circRNA	LOC100694991	rna63634	20,21	NC_031986.2:3949301-3950836|NC_031986.2:3954216-3956251
NC_031986.2	6418944	6422515	circular_RNA/2	0	+	6418944	6418944	0,0,0	4	162,82,128,86	0,309,2184,3485	2	circRNA	nbeal1	rna63775	4,5,6,7	NC_031986.2:6416621-6418944|NC_031986.2:6422515-6423577
NC_031986.2	11263254	11266860	circular_RNA/1	1	-	11263254	11263254	0,0,0	3	261,204,165	0,2444,3441	1	circRNA	LOC100695201	rna63992	6,5,4	NC_031986.2:11259784-11263254|NC_031986.2:11266860-11290351
NC_031986.2	11290351	11291278	circular_RNA/2	0	-	11290351	11290351	0,0,0	1	927	0	2	circRNA	LOC100695201	rna63992	3	NC_031986.2:11266860-11290351|NC_031986.2:11291278-11297741
NC_031986.2	32846652	32931119	circular_RNA/1	0	+	32846652	32846652	0,0,0	6	72,45,71,194,104,123	0,23389,33679,56866,77876,84344	1	circRNA	LOC100694679	rna65815	2,3,4,5,6,7	NC_031986.2:32839161-32846652|NC_031986.2:32931119-32948751
NC_031986.2	40703280	40705456	circular_RNA/1	1	-	40703280	40703280	0,0,0	3	63,88,229	0,171,1947	1	circRNA	LOC100691436	rna66594	4,3,2	NC_031986.2:40692699-40703280|NC_031986.2:40705456-40707710
NC_031986.2	42443744	42447945	circular_RNA/4	1	-	42443744	42443744	0,0,0	2	222,151	0,4050	4	circRNA	LOC100709134	rna66744	4,3	NC_031986.2:42433195-42443744|NC_031986.2:42447945-42449612
NC_031980.2	896113	897054	circular_RNA/8	1	+	896113	896113	0,0,0	4	120,81,106,137	0,430,608,804	8	circRNA	cdc42bpa	rna41874	25,26,27,28	NC_031980.2:895706-896113|NC_031980.2:897054-897206
NC_031980.2	7546933	7547656	circular_RNA/1	1	+	7546933	7546933	0,0,0	2	77,138	0,585	1	circRNA	nbas	rna42436	40,41	NC_031980.2:7541105-7546933|NC_031980.2:7547656-7559567
NC_031980.2	17242067	17248216	circular_RNA/6	1	+	17242067	17242067	0,0,0	3	194,169,107	0,3760,6042	6	circRNA	map3k5	rna43282	4,5,6	NC_031980.2:17236288-17242067|NC_031980.2:17248216-17255945
NC_031980.2	31400422	31430226	circular_RNA/4	0	+	31400422	31400422	0,0,0	3	166,178,73	0,4623,29731	4	circRNA	enah	rna44359	2,3,4	NC_031980.2:31386228-31400422|NC_031980.2:31430226-31468154
NC_031980.2	32787026	32789391	circular_RNA/10	0	+	32787026	32787026	0,0,0	4	157,185,88,118	0,440,1520,2247	10	circRNA	tmem38a	rna44477	2,3,4,5	NC_031980.2:32770796-32787026|NC_031980.2:32789391-32789999
NC_031970.2	24262376	24264783	circular_RNA/2	0	-	24262376	24262376	0,0,0	5	84,84,84,84,84	0,731,1202,1751,2323	2	circRNA	LOC100709046	rna10689	12,11,10,9,8	NC_031970.2:24260033-24262376|NC_031970.2:24264783-24266627
NC_031970.2	29349055	29349245	circular_RNA/2	0	-	29349055	29349055	0,0,0	1	190	0	2	ciRNA	lrig1	rna11263	16	NC_031970.2:29349016-29349245
NC_031970.2	32666105	32668191	circular_RNA/1	1	-	32666105	32666105	0,0,0	2	108,87	0,1999	1	circRNA	pdzrn3	rna11602	3,2	NC_031970.2:32582374-32666105|NC_031970.2:32668191-32675420
NC_031972.2	3497909	3499132	circular_RNA/4	0	+	3497909	3497909	0,0,0	3	33,40,129	0,970,1094	4	circRNA	LOC100706619	rna15891	2,3,4	NC_031972.2:3496733-3497909|NC_031972.2:3499132-3499588
NC_031972.2	3583994	3584608	circular_RNA/2	1	+	3583994	3583994	0,0,0	2	9,141	0,473	2	circRNA	LOC100707421	rna15902	4,5	NC_031972.2:3583425-3583994|NC_031972.2:3584608-3586678
NC_031972.2	3584467	3590213	circular_RNA/1	0	+	3584467	3584467	0,0,0	10	141,18,19,46,117,78,114,113,91,41	0,2211,2876,3030,3167,3720,4122,4309,4619,5705	1	circRNA	LOC100707421	rna15902	5,6,7,8,9,10,11,12,13,14	NC_031972.2:3584003-3584467|NC_031972.2:3590213-3593375
NC_031972.2	9033629	9035959	circular_RNA/51	0	+	9033629	9033629	0,0,0	2	169,204	0,2126	51	circRNA	LOC100706088	rna16351	4,5	NC_031972.2:9024037-9033629|NC_031972.2:9035959-9047489
NC_031972.2	16393608	16398923	circular_RNA/14	1	-	16393608	16393608	0,0,0	13	55,47,139,150,263,90,213,116,190,117,126,348,173	0,188,471,703,936,1313,1526,2485,3371,3746,3963,4285,5142	14	circRNA	cdk5rap2	rna16992	50,49,48,47,46,45,44,43,42,41,40,39,38	NC_031972.2:16393243-16393608|NC_031972.2:16398923-16399997
NC_031972.2	32935903	32936219	circular_RNA/2	0	+	32935903	32935903	0,0,0	2	145,96	0,220	2	circRNA	LOC100693225	rna18236	3,4	NC_031972.2:32933991-32935903|NC_031972.2:32936219-32939307
NC_031972.2	39783834	39788844	circular_RNA/6	0	-	39783834	39783834	0,0,0	7	185,53,153,143,101,58,112	0,1340,2187,2719,3484,4699,4898	6	circRNA	LOC100704804	rna18860	22,21,20,19,18,17,16	NC_031972.2:39782379-39783834|NC_031972.2:39788844-39790424
NC_031972.2	41189269	41189586	circular_RNA/10	1	-	41189269	41189269	0,0,0	2	76,116	0,201	10	circRNA	st7	rna18994	6,5	NC_031972.2:41187106-41189269|NC_031972.2:41189586-41190079
NC_031972.2	48409309	48413963	circular_RNA/3	1	+	48409309	48409309	0,0,0	5	135,80,162,64,138	0,1067,2367,3431,4516	3	circRNA	LOC100705935	rna19536	5,6,7,8,9	NC_031972.2:48408883-48409309|NC_031972.2:48413963-48414552
NC_031972.2	48411676	48413963	circular_RNA/2	0	+	48411676	48411676	0,0,0	3	162,64,138	0,1064,2149	2	circRNA	LOC100705935	rna19536	7,8,9	NC_031972.2:48410456-48411676|NC_031972.2:48413963-48414552
NC_031972.2	52746507	52750889	circular_RNA/4	0	+	52746507	52746507	0,0,0	4	126,134,118,71	0,3498,3889,4311	4	circRNA	tpm1	rna20014	2,3,4,5	NC_031972.2:52745825-52746507|NC_031972.2:52750889-52751115
NC_031972.2	61245142	61245486	circular_RNA/3	0	+	61245142	61245142	0,0,0	1	344	0	3	circRNA	LOC100695036	rna20810	2	NC_031972.2:61229833-61245142|NC_031972.2:61245486-61263058
NC_031972.2	61867818	61878007	circular_RNA/1	1	+	61867818	61867818	0,0,0	4	84,140,147,196	0,2225,9244,9993	1	circRNA	LOC100693441	rna20863	2,3,4,5	NC_031972.2:61844492-61867818|NC_031972.2:61878007-61880232
NC_031978.2	97181	105225	circular_RNA/4	1	+	97181	97181	0,0,0	4	152,70,23,189	0,2391,5420,7855	4	circRNA	LOC100696318	rna35699	3,4,5,6	NC_031978.2:81829-97181|NC_031978.2:105225-107374
NC_031978.2	102601	105225	circular_RNA/267	1	+	102601	102601	0,0,0	2	23,189	0,2435	267	circRNA	LOC100696318	rna35699	5,6	NC_031978.2:99642-102601|NC_031978.2:105225-107374
NC_031978.2	7765312	7778076	circular_RNA/1	0	-	7765312	7765312	0,0,0	5	189,198,102,130,336	0,614,3025,4093,12428	1	circRNA	LOC100711439	rna36248	7,6,5,4,3	NC_031978.2:7758279-7765312|NC_031978.2:7778076-7805986
NC_031978.2	22413738	22415927	circular_RNA/1	0	-	22413738	22413738	0,0,0	3	119,70,247	0,203,1942	1	circRNA	LOC100691068	rna37622	5,4,3	NC_031978.2:22413656-22413738|NC_031978.2:22415927-22416657
NC_031978.2	23649286	23651517	circular_RNA/2	0	-	23649286	23649286	0,0,0	7	206,199,98,95,73,149,77	0,294,679,872,1150,1341,2154	2	circRNA	arid4b	rna37733	16,15,14,13,12,11,10	NC_031978.2:23646847-23649286|NC_031978.2:23651517-23653831
NC_031978.2	24459427	24459724	circular_RNA/2	0	+	24459427	24459427	0,0,0	1	297	0	2	circRNA	ptk7	rna37790	2	NC_031978.2:24411093-24459427|NC_031978.2:24459724-24465840
NC_031978.2	30702660	30704116	circular_RNA/8	0	+	30702660	30702660	0,0,0	2	166,142	0,1314	8	circRNA	piezo1	rna38234	3,4	NC_031978.2:30700467-30702660|NC_031978.2:30704116-30707905
NC_031978.2	30759709	30763908	circular_RNA/1	1	+	30759709	30759709	0,0,0	5	93,170,123,80,172	0,483,1553,1782,4027	1	circRNA	piezo1	rna38234	48,49,50,51,52	NC_031978.2:30758983-30759709|NC_031978.2:30763908-30766129
NC_031978.2	31138246	31168862	circular_RNA/4	1	+	31138246	31138246	0,0,0	9	119,110,128,86,97,73,72,218,122	0,5087,5308,6518,9998,11345,21684,29352,30494	4	circRNA	hnrnpll	rna38265	2,3,4,5,6,7,8,9,10	NC_031978.2:31117776-31138246|NC_031978.2:31168862-31170474
NC_031978.2	32513160	32517038	circular_RNA/2	1	+	32513160	32513160	0,0,0	2	182,138	0,3740	2	circRNA	birc6	rna38358	2,3	NC_031978.2:32504440-32513160|NC_031978.2:32517038-32560982
NC_031982.2	15066733	15106042	circular_RNA/2	0	-	15066733	15066733	0,0,0	5	121,117,57,164,704	0,24418,25142,26262,38605	2	circRNA	LOC102077503	rna52173	7,6,5,4,3	NC_031982.2:15053461-15066733|NC_031982.2:15106042-15120952
NC_031982.2	15091151	15093159	circular_RNA/2	1	-	15091151	15091151	0,0,0	3	117,57,164	0,724,1844	2	circRNA	LOC102077503	rna52173	6,5,4	NC_031982.2:15066854-15091151|NC_031982.2:15093159-15105338
NC_031982.2	16980758	16986758	circular_RNA/2	0	-	16980758	16980758	0,0,0	2	116,132	0,5868	2	circRNA	znf521	rna52367	9,8	NC_031982.2:16970443-16980758|NC_031982.2:16986758-17013253
NC_031982.2	23105200	23105671	circular_RNA/1	0	+	23105200	23105200	0,0,0	2	95,211	0,260	1	circRNA	LOC100705335	rna52946	1,2	None|NC_031982.2:23105671-23109762
NC_031982.2	25218380	25221416	circular_RNA/1	1	-	25218380	25218380	0,0,0	3	105,83,225	0,296,2811	1	circRNA	zfyve9	rna53100	12,11,10	NC_031982.2:25216726-25218380|NC_031982.2:25221416-25222479
NC_031982.2	34117602	34118973	circular_RNA/2	0	-	34117602	34117602	0,0,0	3	555,99,154	0,728,1217	2	circRNA	LOC100701601	rna53937	8,7,6	NC_031982.2:34117168-34117602|NC_031982.2:34118973-34124313
NC_031966.2	2346241	2346622	circular_RNA/2	0	-	2346241	2346241	0,0,0	2	99,127	0,254	2	circRNA	csnk1a1	rna2725	4,3	NC_031966.2:2334500-2346241|NC_031966.2:2346622-2356601
NC_031966.2	17389008	17402230	circular_RNA/2	0	+	17389008	17389008	0,0,0	16	189,156,148,234,174,148,149,108,345,72,125,73,204,126,112,185	0,690,5163,6107,6657,7789,8880,9463,10631,11221,11495,11712,11938,12385,12828,13037	2	circRNA	LOC100710139	rna3491	2,3,4,5,6,7,8,9,10,11,12,13,14,15,16,17	NC_031966.2:17387738-17389008|NC_031966.2:17402230-17402617
NC_031966.2	19855867	19856269	circular_RNA/2	0	-	19855867	19855867	0,0,0	2	121,139	0,263	2	circRNA	LOC100706013	rna3687	4,3	NC_031966.2:19855422-19855867|NC_031966.2:19856269-19858268
NC_031966.2	21354416	21356032	circular_RNA/2	1	-	21354416	21354416	0,0,0	2	144,128	0,1488	2	circRNA	LOC100709965	rna3895	8,7	NC_031966.2:21343420-21354416|NC_031966.2:21356032-21357133
NC_031966.2	29940844	29941924	circular_RNA/2	0	-	29940844	29940844	0,0,0	2	135,99	0,981	2	circRNA	LOC100706213	rna4736	3,2	NC_031966.2:29940056-29940844|NC_031966.2:29941924-29943158
NC_031984.2	15224198	15225087	circular_RNA/13	0	-	15224198	15224198	0,0,0	2	136,81	0,808	13	circRNA	LOC100699182	rna58499	3,2	NC_031984.2:15222736-15224198|NC_031984.2:15225087-15227790
NC_031984.2	20039485	20039976	circular_RNA/1	0	+	20039485	20039485	0,0,0	3	115,100,70	0,199,421	1	circRNA	cacna1s	rna58922	14,15,16	NC_031984.2:20039373-20039485|NC_031984.2:20039976-20040276
NC_031984.2	28871774	28879522	circular_RNA/1	0	-	28871774	28871774	0,0,0	5	149,59,73,92,94	0,773,2043,3669,7654	1	circRNA	ctnnbl1	rna59812	10,9,8,7,6	NC_031984.2:28865761-28871774|NC_031984.2:28879522-28883503
NC_031985.2	20668217	20669684	circular_RNA/2	1	+	20668217	20668217	0,0,0	2	104,278	0,1189	2	circRNA	znf704	rna62022	3,4	NC_031985.2:20633553-20668217|NC_031985.2:20669684-20672924
NC_031985.2	23901712	23902275	circular_RNA/2	0	+	23901712	23901712	0,0,0	3	113,103,90	0,238,473	2	circRNA	snx13	rna62408	2,3,4	NC_031985.2:23891709-23901712|NC_031985.2:23902275-23905844
NC_031985.2	35529286	35529646	circular_RNA/2	0	-	35529286	35529286	0,0,0	1	360	0	2	circRNA	txnip	rna63133	4	NC_031985.2:35529207-35529286|NC_031985.2:35529646-35529737
NC_031967.2	10565665	10581723	circular_RNA/2	1	+	10565665	10565665	0,0,0	8	137,94,91,166,146,118,68,84	0,2088,2673,5428,6578,11528,13468,15974	2	circRNA	pc	rna67908	2,3,4,5,6,7,8,9	NC_031967.2:10552801-10565665|NC_031967.2:10581723-10617134
NC_031967.2	17263035	17268992	circular_RNA/2	0	-	17263035	17263035	0,0,0	10	199,126,130,145,135,65,73,75,70,88	0,318,1206,1586,1814,2051,2226,2724,5710,5869	2	circRNA	acadvl	rna68370	11,10,9,8,7,6,5,4,3,2	NC_031967.2:17260949-17263035|NC_031967.2:17268992-17269235
NC_031987.2	106679	109303	circular_RNA/4	1	-	106679	106679	0,0,0	5	144,122,19,155,119	0,1175,1299,2231,2505	4	circRNA	LOC100694010	rna44996	7,6,5,4,3	NC_031987.2:105125-106679|NC_031987.2:109303-111761
NC_031987.2	3424075	3424478	circular_RNA/2	1	+	3424075	3424075	0,0,0	2	164,71	0,332	2	circRNA	LOC100698210	rna45199	7,8	NC_031987.2:3421000-3424075|NC_031987.2:3424478-3425984
NC_031987.2	19104416	19106638	circular_RNA/2	0	-	19104416	19104416	0,0,0	3	94,303,342	0,1461,1880	2	circRNA	LOC102080174	rna46527	4,3,2	NC_031987.2:19096701-19104416|NC_031987.2:19106638-19115424
NC_031987.2	22316258	22317046	circular_RNA/1	1	-	22316258	22316258	0,0,0	2	69,183	0,605	1	circRNA	abi3bp	rna46868	11,10	NC_031987.2:22312473-22316258|NC_031987.2:22317046-22321468
NC_031987.2	27189185	27201070	circular_RNA/2	0	-	27189185	27189185	0,0,0	2	84,98	0,11787	2	circRNA	LOC100691947	rna47284	3,2	NC_031987.2:27184876-27189185|NC_031987.2:27201070-27212064
NC_031987.2	33880079	33880385	circular_RNA/2	0	+	33880079	33880079	0,0,0	1	306	0	2	circRNA	LOC100702396	rna47805	231	NC_031987.2:33879923-33880079|NC_031987.2:33880385-33880855
NC_031987.2	35819239	35836495	circular_RNA/2	0	+	35819239	35819239	0,0,0	10	61,59,307,135,109,140,94,146,156,171	0,3322,3458,12504,12729,13311,14551,14647,15998,17085	2	circRNA	LOC100710818	rna47917	2,3,4,5,6,7,8,9,10,11	NC_031987.2:35785650-35819239|NC_031987.2:35836495-35846030
NC_031965.2	1017806	1018564	circular_RNA/2	1	-	1017806	1017806	0,0,0	1	758	0	2	circRNA	znf408	rna55	5	NC_031965.2:1014387-1017806|NC_031965.2:1018564-1030568
NC_031965.2	10928954	10929278	circular_RNA/2	1	-	10928954	10928954	0,0,0	1	324	0	2	circRNA	neo1	rna646	2	NC_031965.2:10902305-10928954|NC_031965.2:10929278-10982226
NC_031965.2	14691610	14694528	circular_RNA/1	1	+	14691610	14691610	0,0,0	4	118,93,62,66	0,716,2506,2852	1	circRNA	baz2b	rna974	14,15,16,17	NC_031965.2:14691038-14691610|NC_031965.2:14694528-14695224
NC_031965.2	28586862	28589424	circular_RNA/3	0	-	28586862	28586862	0,0,0	8	81,175,283,151,90,155,150,94	0,208,457,1251,1712,1956,2223,2468	3	circRNA	LOC100704034	rna1950	41,40,39,38,37,36,35,34	NC_031965.2:28585821-28586862|NC_031965.2:28589424-28590580
NC_031965.2	30922236	30922649	circular_RNA/2	1	+	30922236	30922236	0,0,0	1	413	0	2	circRNA	chd9	rna2080	3	NC_031965.2:30899238-30922236|NC_031965.2:30922649-30932145
NC_031965.2	37435819	37436209	circular_RNA/1	0	-	37435819	37435819	0,0,0	2	155,101	0,289	1	circRNA	LOC100709838	rna2422	22,21	NC_031965.2:37435665-37435819|NC_031965.2:37436209-37436287
NC_031965.2	37448920	37453960	circular_RNA/4	1	-	37448920	37448920	0,0,0	9	192,123,288,99,117,87,94,124,168	0,303,1448,2196,2871,3072,4390,4559,4872	4	circRNA	LOC100709838	rna2422	12,11,10,9,8,7,6,5,4	NC_031965.2:37439939-37448920|NC_031965.2:37453960-37455726
NC_031965.2	38339312	38339627	circular_RNA/2	0	+	38339312	38339312	0,0,0	2	56,173	0,142	2	circRNA	LOC100694559	rna2507	2,3	NC_031965.2:38336722-38339312|NC_031965.2:38339627-38341044
NC_031965.2	38718394	38718628	circular_RNA/2	1	-	38718394	38718394	0,0,0	2	85,68	0,166	2	circRNA	efl1	rna2525	3,2	NC_031965.2:38717868-38718394|NC_031965.2:38718628-38719088
NC_031973.2	1854459	1854640	circular_RNA/6	0	-	1854459	1854459	0,0,0	1	181	0	6	circRNA	LOC100696809	rna21194	3	NC_031973.2:1854394-1854459|NC_031973.2:1854640-1854708
NC_031973.2	3593091	3593378	circular_RNA/1	1	-	3593091	3593091	0,0,0	2	127,72	0,215	1	circRNA	nploc4	rna21488	11,10	NC_031973.2:3591122-3593091|NC_031973.2:3593378-3594943
NC_031973.2	4664929	4672518	circular_RNA/4	0	-	4664929	4664929	0,0,0	6	107,82,93,93,93,254	0,561,1825,3752,5631,7335	4	circRNA	LOC100696807	rna21598	14,13,12,11,10,9	NC_031973.2:4662954-4664929|NC_031973.2:4672518-4673696
NC_031973.2	6541345	6542303	circular_RNA/1	0	-	6541345	6541345	0,0,0	2	193,682	0,276	1	circRNA	LOC100703272	rna21757	46,45	NC_031973.2:6537214-6541345|NC_031973.2:6542303-6548616
NC_031973.2	6562612	6563106	circular_RNA/1	1	-	6562612	6562612	0,0,0	1	494	0	1	ciRNA	LOC100703272	rna21757	38	NC_031973.2:6562612-6563106
NC_031973.2	9903732	9905025	circular_RNA/5	0	+	9903732	9903732	0,0,0	4	172,150,133,128	0,704,945,1165	5	circRNA	eef2k	rna22033	7,8,9,10	NC_031973.2:9902986-9903732|NC_031973.2:9905025-9905550
NC_031973.2	10480214	10481188	circular_RNA/4	0	-	10480214	10480214	0,0,0	2	112,118	0,856	4	circRNA	LOC100708510	rna22110	4,3	NC_031973.2:10478141-10480214|NC_031973.2:10481188-10483685
NC_031973.2	10931166	10933059	circular_RNA/2	1	-	10931166	10931166	0,0,0	4	150,136,164,120	0,300,737,1773	2	circRNA	ptpre	rna22176	11,10,9,8	NC_031973.2:10930322-10931166|NC_031973.2:10933059-10934625
NC_031973.2	21757046	21795462	circular_RNA/2	1	-	21757046	21757046	0,0,0	5	140,141,82,56,117	0,14907,36184,36548,38299	2	circRNA	snx29	rna23302	20,19,18,17,16	NC_031973.2:21751370-21757046|NC_031973.2:21795462-21814718
NC_031973.2	21793230	21795462	circular_RNA/4	1	-	21793230	21793230	0,0,0	3	82,56,117	0,364,2115	4	circRNA	snx29	rna23302	18,17,16	NC_031973.2:21772094-21793230|NC_031973.2:21795462-21814718
NC_031973.2	23874354	23875251	circular_RNA/1	0	-	23874354	23874354	0,0,0	2	102,114	0,783	1	circRNA	LOC100695527	rna23477	4,3	NC_031973.2:23873430-23874354|NC_031973.2:23875251-23878966
NC_031973.2	25289301	25292744	circular_RNA/4	1	+	25289301	25289301	0,0,0	3	121,71,98	0,2358,3345	4	circRNA	LOC100690161	rna23548	2,3,4	NC_031973.2:25280252-25289301|NC_031973.2:25292744-25298651
NC_031973.2	28425173	28426156	circular_RNA/1	1	-	28425173	28425173	0,0,0	4	166,86,154,103	0,409,645,880	1	circRNA	rfng	rna23719	7,6,5,4	NC_031973.2:28424294-28425173|NC_031973.2:28426156-28428349
NC_031975.2	6608330	6611100	circular_RNA/2	0	-	6608330	6608330	0,0,0	4	97,167,83,117	0,193,992,2653	2	circRNA	mtmr4	rna26708	6,5,4,3	NC_031975.2:6607210-6608330|NC_031975.2:6611100-6614966
NC_031975.2	30861142	30861328	circular_RNA/2	0	-	30861142	30861142	0,0,0	1	186	0	2	circRNA	sgcd	rna28650	2	NC_031975.2:30808209-30861142|NC_031975.2:30861328-30898704
NC_031977.2	6195083	6195494	circular_RNA/4	1	+	6195083	6195083	0,0,0	2	125,125	0,286	4	circRNA	rab35	rna32858	4,5	NC_031977.2:6191304-6195083|NC_031977.2:6195494-6196259
NC_031977.2	22286250	22293892	circular_RNA/1	0	-	22286250	22286250	0,0,0	5	113,50,77,37,192	0,4191,4609,4769,7450	1	circRNA	pde4d	rna34314	6,5,4,3,2	NC_031977.2:22277905-22286250|NC_031977.2:22293892-22295346
NC_031977.2	30892679	30896142	circular_RNA/1	0	-	30892679	30892679	0,0,0	5	84,123,95,84,103	0,284,2608,2871,3360	1	circRNA	LOC100695100	rna35063	11,10,9,8,7	NC_031977.2:30890243-30892679|NC_031977.2:30896142-30899231
NC_031977.2	37738521	37739187	circular_RNA/2	1	-	37738521	37738521	0,0,0	3	111,183,167	0,222,499	2	circRNA	LOC100705892	rna35612	18,17,16	NC_031977.2:37738110-37738521|NC_031977.2:37739187-37739642
NC_031971.2	4075464	4076159	circular_RNA/5	0	+	4075464	4075464	0,0,0	2	93,247	0,448	5	circRNA	ero1b	rna12216	11,12	NC_031971.2:4071054-4075464|NC_031971.2:4076159-4077016
NC_031971.2	4834406	4841830	circular_RNA/2	0	-	4834406	4834406	0,0,0	11	42,132,120,32,47,38,99,216,179,108,194	0,200,825,1052,2418,2924,3237,3530,4288,4646,7230	2	circRNA	LOC106096490	rna12253	14,13,12,11,10,9,8,7,6,5,4	NC_031971.2:4833542-4834406|NC_031971.2:4841830-4842336
NC_031971.2	14134754	14145218	circular_RNA/2	1	-	14134754	14134754	0,0,0	2	56,152	0,10312	2	circRNA	sorbs2	rna13028	3,2	NC_031971.2:14134063-14134754|NC_031971.2:14145218-14150799
NC_031971.2	16934304	16952556	circular_RNA/4	1	+	16934304	16934304	0,0,0	4	112,70,148,131	0,5123,8575,18121	4	circRNA	inpp4b	rna13232	6,7,8,9	NC_031971.2:16910160-16934304|NC_031971.2:16952556-16963198
NC_031971.2	25287711	25287946	circular_RNA/1	1	-	25287711	25287711	0,0,0	1	235	0	1	ciRNA	LOC106098444	rna14047	5	NC_031971.2:25287693-25287946
NC_031971.2	25666302	25666706	circular_RNA/2	0	-	25666302	25666302	0,0,0	2	97,96	0,308	2	circRNA	LOC100703172	rna14085	8,7	NC_031971.2:25662958-25666302|NC_031971.2:25666706-25669336
NC_031971.2	27059185	27061091	circular_RNA/1	1	+	27059185	27059185	0,0,0	3	130,107,111	0,1154,1795	1	circRNA	LOC100698858	rna14187	8,9,10	NC_031971.2:27058890-27059185|NC_031971.2:27061091-27061651
NC_031971.2	30305629	30307437	circular_RNA/1	1	-	30305629	30305629	0,0,0	3	81,152,139	0,931,1669	1	circRNA	LOC100699311	rna14448	5,4,3	NC_031971.2:30301239-30305629|NC_031971.2:30307437-30319462
NC_031971.2	42021772	42028544	circular_RNA/19	0	-	42021772	42021772	0,0,0	4	120,85,64,159	0,2513,4151,6613	19	circRNA	LOC100704127	rna15572	18,17,16,15	NC_031971.2:42020870-42021772|NC_031971.2:42028544-42031088
NC_031979.2	3312023	3324963	circular_RNA/4	0	-	3312023	3312023	0,0,0	6	98,197,101,98,166,125	0,371,4555,12362,12543,12815	4	circRNA	bcas3	rna38682	22,21,20,19,18,17	NC_031979.2:3138293-3312023|NC_031979.2:3324963-3340018
NC_031979.2	5328820	5337764	circular_RNA/6	1	-	5328820	5328820	0,0,0	5	111,147,147,98,159	0,3239,3484,6005,8785	6	circRNA	nf1	rna38767	32,31,30,29,28	NC_031979.2:5302780-5328820|NC_031979.2:5337764-5344090
NC_031979.2	6667235	6669122	circular_RNA/2	1	+	6667235	6667235	0,0,0	3	202,91,203	0,1479,1684	2	circRNA	LOC100705895	rna38864	6,7,8	NC_031979.2:6663389-6667235|NC_031979.2:6669122-6669892
NC_031979.2	12145212	12146591	circular_RNA/2	0	+	12145212	12145212	0,0,0	3	232,44,109	0,900,1270	2	circRNA	LOC100702550	rna39281	2,3,4	NC_031979.2:12137750-12145212|NC_031979.2:12146591-12151732
NC_031979.2	21538325	21542264	circular_RNA/2	1	+	21538325	21538325	0,0,0	9	102,107,123,114,147,211,191,101,139	0,700,928,1148,2691,2938,3272,3544,3800	2	circRNA	dock10	rna40045	47,48,49,50,51,52,53,54,55	NC_031979.2:21537670-21538325|NC_031979.2:21542264-21542703
NC_031979.2	23188463	23189463	circular_RNA/2	1	-	23188463	23188463	0,0,0	3	142,554,102	0,234,898	2	circRNA	cux1	rna40175	18,17,16	NC_031979.2:23187764-23188463|NC_031979.2:23189463-23190726
NC_031979.2	24409388	24409559	circular_RNA/1	1	+	24409388	24409388	0,0,0	1	171	0	1	circRNA	mbnl1	rna40294	3	NC_031979.2:24388109-24409388|NC_031979.2:24409559-24416255
NC_031979.2	35013861	35016025	circular_RNA/2	1	-	35013861	35013861	0,0,0	2	182,191	0,1973	2	circRNA	LOC100708832	rna41260	3,2	NC_031979.2:35010591-35013861|NC_031979.2:35016025-35025839
